2.666999999999999815e+00 2.660747999999999891e+00 2.780759098448629119e-01
5.331999999999999851e+00 2.660239999999999938e+00 2.769410164221164372e-01
8.005000000000000782e+00 2.660487999999999964e+00 2.763931182962546251e-01
1.067900000000000027e+01 2.660308000000000117e+00 2.752931630701466181e-01
1.335399999999999920e+01 2.660839999999999872e+00 2.751018359427788162e-01
1.602899999999999991e+01 2.660315999999999903e+00 2.738857175805800570e-01
1.870299999999999940e+01 2.660524000000000111e+00 2.733183727487197290e-01
2.127599999999999980e+01 2.660467999999999833e+00 2.726333511900206896e-01
2.394999999999999929e+01 2.660140000000000171e+00 2.716873212583412744e-01
2.662500000000000000e+01 2.660384000000000082e+00 2.713252094440213313e-01
2.930000000000000071e+01 2.660379999999999967e+00 2.703061572897302867e-01
3.197400000000000020e+01 2.660519999999999996e+00 2.700090950432014747e-01
3.464900000000000091e+01 2.660512000000000210e+00 2.688932918199830047e-01
3.732399999999999807e+01 2.660908000000000051e+00 2.687360917285859796e-01
3.999900000000000233e+01 2.660099999999999909e+00 2.673194889976925892e-01
4.257099999999999795e+01 2.660320000000000018e+00 2.669839247573724816e-01
4.524600000000000222e+01 2.660304000000000002e+00 2.658929337786651304e-01
4.792000000000000171e+01 2.660696000000000172e+00 2.656401461486839199e-01
5.059499999999999886e+01 2.660347999999999935e+00 2.644864323100337700e-01
5.327000000000000313e+01 2.660563999999999929e+00 2.642118144398709623e-01
5.594400000000000261e+01 2.660255999999999954e+00 2.632065016623568732e-01
5.861999999999999744e+01 2.660651999999999795e+00 2.626534449072879251e-01
6.119100000000000250e+01 2.660391999999999868e+00 2.620496882987918275e-01
6.386599999999999966e+01 2.660331999999999919e+00 2.611947137855820666e-01
6.654099999999999682e+01 2.660960000000000214e+00 2.608647896606011707e-01
6.921599999999999397e+01 2.660079999999999778e+00 2.599084392726211390e-01
7.189100000000000534e+01 2.660464000000000162e+00 2.596290493021899959e-01
7.456600000000000250e+01 2.660055999999999976e+00 2.584283926660742581e-01
7.723999999999999488e+01 2.660471999999999948e+00 2.580633477607345294e-01
7.981300000000000239e+01 2.660159999999999858e+00 2.569604731679169252e-01
8.248699999999999477e+01 2.660524000000000111e+00 2.566688881283885060e-01
8.516200000000000614e+01 2.660232000000000152e+00 2.555824589722894835e-01
8.783700000000000330e+01 2.660627999999999993e+00 2.553214362502687629e-01
9.051099999999999568e+01 2.660152000000000072e+00 2.542463602626320318e-01
9.318600000000000705e+01 2.660620000000000207e+00 2.539427960438385701e-01
9.586100000000000421e+01 2.660104000000000024e+00 2.529645672086913155e-01
9.843999999999999773e+01 2.660536000000000012e+00 2.524000141698253818e-01
1.011239999999999952e+02 2.660212000000000021e+00 2.518869425344245627e-01
1.038080000000000069e+02 2.661360000000000170e+00 2.510836240617401183e-01
1.064920000000000044e+02 2.661236000000000157e+00 2.510217023675310188e-01
1.091749999999999972e+02 2.660108000000000139e+00 2.499780720989386862e-01
1.117560000000000002e+02 2.660508000000000095e+00 2.497546270330902873e-01
1.144389999999999930e+02 2.660120000000000040e+00 2.487779329608938439e-01
1.171230000000000047e+02 2.660455999999999932e+00 2.485739703804490108e-01
1.198070000000000022e+02 2.660156000000000187e+00 2.476710233592880894e-01
1.223880000000000052e+02 2.660480000000000178e+00 2.473528901232424915e-01
1.250709999999999980e+02 2.660196000000000005e+00 2.463650351826559004e-01
1.277549999999999955e+02 2.660588000000000175e+00 2.461139896373056857e-01
1.304379999999999882e+02 2.659963999999999995e+00 2.449758462411250060e-01
1.331220000000000141e+02 2.660784000000000038e+00 2.447024075282480948e-01
1.357030000000000030e+02 2.660124000000000155e+00 2.437897762266474921e-01
1.383870000000000005e+02 2.660400000000000098e+00 2.432487794885801191e-01
1.410699999999999932e+02 2.660292000000000101e+00 2.427722030086716665e-01
1.437539999999999907e+02 2.660379999999999967e+00 2.420094426140416422e-01
1.464370000000000118e+02 2.660540000000000127e+00 2.418451512168629802e-01
1.490190000000000055e+02 2.660219999999999807e+00 2.409129332206255414e-01
1.517019999999999982e+02 2.660556000000000143e+00 2.408070839529538876e-01
1.543849999999999909e+02 2.660184000000000104e+00 2.398828361726483005e-01
1.570689999999999884e+02 2.660432000000000130e+00 2.396810979917246842e-01
1.596500000000000057e+02 2.660124000000000155e+00 2.387454554593127498e-01
1.623340000000000032e+02 2.660503999999999980e+00 2.385336457984599812e-01
1.650180000000000007e+02 2.660120000000000040e+00 2.375950380152060948e-01
1.677009999999999934e+02 2.660512000000000210e+00 2.374208597134288556e-01
1.703839999999999861e+02 2.659883999999999915e+00 2.363693665300977131e-01
1.729650000000000034e+02 2.660379999999999967e+00 2.360209354710481044e-01
1.756490000000000009e+02 2.660292000000000101e+00 2.351989700760889201e-01
1.783329999999999984e+02 2.660411999999999999e+00 2.345756238888523082e-01
1.810169999999999959e+02 2.660519999999999996e+00 2.341285488958990413e-01
1.835970000000000084e+02 2.660251999999999839e+00 2.334228803564408206e-01
1.862810000000000059e+02 2.660379999999999967e+00 2.332662181407454682e-01
1.889639999999999986e+02 2.660124000000000155e+00 2.323533727926429537e-01
1.916479999999999961e+02 2.660575999999999830e+00 2.322549099502893011e-01
1.943319999999999936e+02 2.660039999999999960e+00 2.313349242682511131e-01
1.969120000000000061e+02 2.660692000000000057e+00 2.310124017184080336e-01
1.995960000000000036e+02 2.660244000000000053e+00 2.302881429887360942e-01
2.022800000000000011e+02 2.660184000000000104e+00 2.300353528015884608e-01
2.049629999999999939e+02 2.659920000000000062e+00 2.290591696002314825e-01
2.075440000000000111e+02 2.660527999999999782e+00 2.289377289377289293e-01
2.102270000000000039e+02 2.659863999999999784e+00 2.280766337489396334e-01
2.129110000000000014e+02 2.660331999999999919e+00 2.277522056003068729e-01
2.155949999999999989e+02 2.660051999999999861e+00 2.270554493307839483e-01
2.182789999999999964e+02 2.661207999999999796e+00 2.264420784999205405e-01
2.208590000000000089e+02 2.659991999999999912e+00 2.260003489128193654e-01
2.235430000000000064e+02 2.660203999999999791e+00 2.250722600413816998e-01
2.262259999999999991e+02 2.660536000000000012e+00 2.250118427285646705e-01
2.289099999999999966e+02 2.659791999999999934e+00 2.239580059093480846e-01
2.314910000000000139e+02 2.660584000000000060e+00 2.241517625407012382e-01
2.341750000000000114e+02 2.659823999999999966e+00 2.230919765166340385e-01
2.368580000000000041e+02 2.660759999999999792e+00 2.230535641611620656e-01
2.395420000000000016e+02 2.659828000000000081e+00 2.220802294049808445e-01
2.422259999999999991e+02 2.660556000000000143e+00 2.219418745911597157e-01
2.448069999999999879e+02 2.660012000000000043e+00 2.210981986315185277e-01
2.474900000000000091e+02 2.660368000000000066e+00 2.209199572112925114e-01
2.501740000000000066e+02 2.659947999999999979e+00 2.200738212537258209e-01
2.528569999999999993e+02 2.660343999999999820e+00 2.197344682425868556e-01
2.554379999999999882e+02 2.660060000000000091e+00 2.190757310211235154e-01
2.581220000000000141e+02 2.660324000000000133e+00 2.185616343808954032e-01
2.608059999999999832e+02 2.660343999999999820e+00 2.182937851376399729e-01
2.634889999999999759e+02 2.660099999999999909e+00 2.175771826426848299e-01
2.661730000000000018e+02 2.660464000000000162e+00 2.174676087719565887e-01
2.687529999999999859e+02 2.659968000000000110e+00 2.166311948920644492e-01
2.714370000000000118e+02 2.660480000000000178e+00 2.165258615450069979e-01
2.741209999999999809e+02 2.660007999999999928e+00 2.156770746621059220e-01
2.768039999999999736e+02 2.660448000000000146e+00 2.155400601999606647e-01
2.793849999999999909e+02 2.660060000000000091e+00 2.147377938517179008e-01
2.820679999999999836e+02 2.660480000000000178e+00 2.145890431587507141e-01
2.847520000000000095e+02 2.659963999999999995e+00 2.137489312553437215e-01
2.874359999999999786e+02 2.660536000000000012e+00 2.135855391348661647e-01
2.901200000000000045e+02 2.659879999999999800e+00 2.127596040431790070e-01
2.926999999999999886e+02 2.660315999999999903e+00 2.124202492397591069e-01
2.953840000000000146e+02 2.659943999999999864e+00 2.118549574060032969e-01
2.980670000000000073e+02 2.660175999999999874e+00 2.113177328943856292e-01
3.007509999999999764e+02 2.660311999999999788e+00 2.110735869178812785e-01
