2.665999999999999925e+00 2.661547999999999803e+00 4.832343126882070183e-02
5.336999999999999744e+00 2.661455999999999822e+00 4.834179173338399443e-02
7.910000000000000142e+00 2.661475999999999953e+00 4.836164327773158356e-02
1.058399999999999963e+01 2.661519999999999886e+00 4.837740486625769637e-02
1.325900000000000034e+01 2.661560000000000148e+00 4.839629946611240241e-02
1.593500000000000050e+01 2.661608000000000196e+00 4.841997961264016270e-02
1.860900000000000176e+01 2.661404000000000103e+00 4.844088342573927425e-02
2.128399999999999892e+01 2.661395999999999873e+00 4.845933326758733450e-02
2.395899999999999963e+01 2.661427999999999905e+00 4.848324010941901935e-02
2.663299999999999912e+01 2.661432000000000020e+00 4.850040161736075828e-02
2.920599999999999952e+01 2.661388000000000087e+00 4.852897605563293720e-02
3.187999999999999901e+01 2.661804000000000059e+00 4.856734842726997264e-02
3.455499999999999972e+01 2.661312000000000122e+00 4.858871105231214044e-02
3.722999999999999687e+01 2.661248000000000058e+00 4.861191657171707453e-02
3.990500000000000114e+01 2.661243999999999943e+00 4.863165869790013474e-02
4.257999999999999829e+01 2.661268000000000189e+00 4.864975589771602243e-02
4.525500000000000256e+01 2.661303999999999892e+00 4.866770035723799737e-02
4.782699999999999818e+01 2.661300000000000221e+00 4.868332946144280499e-02
5.050200000000000244e+01 2.661360000000000170e+00 4.871195340060710532e-02
5.317699999999999960e+01 2.661512000000000100e+00 4.874911481870460722e-02
5.585099999999999909e+01 2.661007999999999818e+00 4.875728793145922557e-02
5.852600000000000335e+01 2.661147999999999847e+00 4.878482980085518950e-02
6.120100000000000051e+01 2.661319999999999908e+00 4.880504695559254730e-02
6.387500000000000000e+01 2.661351999999999940e+00 4.882762307130888990e-02
6.644799999999999329e+01 2.661367999999999956e+00 4.884988515991909447e-02
6.912199999999999989e+01 2.661356000000000055e+00 4.887183233360427315e-02
7.179699999999999704e+01 2.661176000000000208e+00 4.889346371590324453e-02
7.447299999999999898e+01 2.661300000000000221e+00 4.891763300446952401e-02
7.714700000000000557e+01 2.661236000000000157e+00 4.893913688534161366e-02
7.982200000000000273e+01 2.661252000000000173e+00 4.896133257285789631e-02
8.249699999999999989e+01 2.661259999999999959e+00 4.898321164872334460e-02
8.517100000000000648e+01 2.661131999999999831e+00 4.900746977012917366e-02
8.774399999999999977e+01 2.661172000000000093e+00 4.902736587144852776e-02
9.041800000000000637e+01 2.661280000000000090e+00 4.905048585797044253e-02
9.309300000000000352e+01 2.661052000000000195e+00 4.906838928277509893e-02
9.577599999999999625e+01 2.661119999999999930e+00 4.908985682986316545e-02
9.845900000000000318e+01 2.661207999999999796e+00 4.911269726933403107e-02
1.010400000000000063e+02 2.661227999999999927e+00 4.913538954881643828e-02
1.037229999999999990e+02 2.661243999999999943e+00 4.915674620285695462e-02
1.064069999999999965e+02 2.661207999999999796e+00 4.918219500999174848e-02
1.090909999999999940e+02 2.661207999999999796e+00 4.920121397521640128e-02
1.117750000000000057e+02 2.661232000000000042e+00 4.922109771683189083e-02
1.143550000000000040e+02 2.661308000000000007e+00 4.924423064960915808e-02
1.170390000000000015e+02 2.661268000000000189e+00 4.926585236839103182e-02
1.197229999999999990e+02 2.661243999999999943e+00 4.928885691358366600e-02
1.224060000000000059e+02 2.661160000000000192e+00 4.931222424085128508e-02
1.249879999999999995e+02 2.661204000000000125e+00 4.933510131871860632e-02
1.276710000000000065e+02 2.661227999999999927e+00 4.935475156376634143e-02
1.303540000000000134e+02 2.661216000000000026e+00 4.937801032606812385e-02
1.330380000000000109e+02 2.661083999999999783e+00 4.939855097583804172e-02
1.357220000000000084e+02 2.661112000000000144e+00 4.941825180766763054e-02
1.383029999999999973e+02 2.661179999999999879e+00 4.943968358602504609e-02
1.409869999999999948e+02 2.661275999999999975e+00 4.946473945099345848e-02
1.436709999999999923e+02 2.661172000000000093e+00 4.948758642963559801e-02
1.463530000000000086e+02 2.661080000000000112e+00 4.951114261293752122e-02
1.489350000000000023e+02 2.661115999999999815e+00 4.953144986374506675e-02
1.516189999999999998e+02 2.661092000000000013e+00 4.955487550424259036e-02
1.543019999999999925e+02 2.661144000000000176e+00 4.957659845390594011e-02
1.569859999999999900e+02 2.661080000000000112e+00 4.960179332238032895e-02
1.596699999999999875e+02 2.661103999999999914e+00 4.962355743447949274e-02
1.622500000000000000e+02 2.661048000000000080e+00 4.964828112424612971e-02
1.649339999999999975e+02 2.661172000000000093e+00 4.967095173029196370e-02
1.676179999999999950e+02 2.661156000000000077e+00 4.969364304969015739e-02
1.703009999999999877e+02 2.661167999999999978e+00 4.971687547754367192e-02
1.728820000000000050e+02 2.661032000000000064e+00 4.973943516944567822e-02
1.755649999999999977e+02 2.661083999999999783e+00 4.976357934584465376e-02
1.782489999999999952e+02 2.661068000000000211e+00 4.978722512210972256e-02
1.809329999999999927e+02 2.661087999999999898e+00 4.980967461174669320e-02
1.836169999999999902e+02 2.661140000000000061e+00 4.983197009382397957e-02
1.861970000000000027e+02 2.661048000000000080e+00 4.985847191655966293e-02
1.888810000000000002e+02 2.661071999999999882e+00 4.987923973537750771e-02
1.915649999999999977e+02 2.661144000000000176e+00 4.990474322696326903e-02
1.942479999999999905e+02 2.661119999999999930e+00 4.992764870556001128e-02
1.968290000000000077e+02 2.661128000000000160e+00 4.995162579396794644e-02
1.995120000000000005e+02 2.661080000000000112e+00 4.997229606042965372e-02
2.021959999999999980e+02 2.661099999999999799e+00 4.999631606092182906e-02
2.048799999999999955e+02 2.661112000000000144e+00 5.001895455119834827e-02
2.074610000000000127e+02 2.661147999999999847e+00 5.004214075010535168e-02
2.101450000000000102e+02 2.661099999999999799e+00 5.006570025226086268e-02
2.128280000000000030e+02 2.661083999999999783e+00 5.008752135310121090e-02
2.155120000000000005e+02 2.661055999999999866e+00 5.010936148365907616e-02
2.181959999999999980e+02 2.661096000000000128e+00 5.013157339262344636e-02
2.207769999999999868e+02 2.661096000000000128e+00 5.015451109030627519e-02
2.234610000000000127e+02 2.661027999999999949e+00 5.017676305300074885e-02
2.261440000000000055e+02 2.661083999999999783e+00 5.020168748128445851e-02
2.288269999999999982e+02 2.661075999999999997e+00 5.022433536462867637e-02
2.314079999999999870e+02 2.661039999999999850e+00 5.024842114171465535e-02
2.340920000000000130e+02 2.661083999999999783e+00 5.027040184571748838e-02
2.367760000000000105e+02 2.661052000000000195e+00 5.029417681667860962e-02
2.394600000000000080e+02 2.661007999999999818e+00 5.031566459048345680e-02
2.421440000000000055e+02 2.661108000000000029e+00 5.033930457575447326e-02
2.447239999999999895e+02 2.661023999999999834e+00 5.036172085116609465e-02
2.474079999999999870e+02 2.661039999999999850e+00 5.038611676849966137e-02
2.500910000000000082e+02 2.661011999999999933e+00 5.040786150395834553e-02
2.527750000000000057e+02 2.661083999999999783e+00 5.043158822342785896e-02
2.553549999999999898e+02 2.661032000000000064e+00 5.045587324068336738e-02
2.580389999999999873e+02 2.661023999999999834e+00 5.047839347642039259e-02
2.607230000000000132e+02 2.661016000000000048e+00 5.050254461944117534e-02
2.634069999999999823e+02 2.661016000000000048e+00 5.052707719473667480e-02
2.660910000000000082e+02 2.660984000000000016e+00 5.055037832967360090e-02
2.686709999999999923e+02 2.661020000000000163e+00 5.057244458324756942e-02
2.713550000000000182e+02 2.661007999999999818e+00 5.059668582831212957e-02
2.740380000000000109e+02 2.660975999999999786e+00 5.061879253754671126e-02
2.767219999999999800e+02 2.661048000000000080e+00 5.064397816444899530e-02
2.793020000000000209e+02 2.661020000000000163e+00 5.066738726950783395e-02
2.819859999999999900e+02 2.661023999999999834e+00 5.069334263007733987e-02
2.846700000000000159e+02 2.660947999999999869e+00 5.071571439756849403e-02
2.873539999999999850e+02 2.660984000000000016e+00 5.074027389065738358e-02
2.900380000000000109e+02 2.660940000000000083e+00 5.076304877527465509e-02
2.926190000000000282e+02 2.660935999999999968e+00 5.078783515516128999e-02
2.953020000000000209e+02 2.660963999999999885e+00 5.081173982962913088e-02
2.979859999999999900e+02 2.660944000000000198e+00 5.083766196700725132e-02
3.006689999999999827e+02 2.660892000000000035e+00 5.086034285224802498e-02
